1000
1001
1002
1003
1807
1957
1958
2091
2092
2093
2094
2095
2096
2097
2098
2099
2100
2101
2102
2103
2174
2175
2176
2177
2178
2179
2180
2181
2182
2183
2184
2206
2207
2208
2210
2211
2212
2213
2214
2215
2216
2217
2269
2270
2271
2279
2281
2282
2283
2284
2285
2286
2287
2288
2289
2290
2302
2303
2304
2305
2306
2320
2321
2322
2323
2436
2437
2438
2439
2440
2441
2495
2496
2497
2498
2499
2500
2501
2502
2503
2504
2505
2506
2507
2508
2509
2510
2511
2512
2523
2524
2525
2526
2527
2528
2529
2530
2531
2532
2533
2534
2535
2536
2537
2538
2539
2541
2567
2568
2569
2586
2587
2588
2589
2590
2591
2592
2593
2594
2595
2596
2597
2598
2600
2601
2602
2613
2640
2641
2642
2643
2644
2645
2646
2647
2648
2649
2650
2652
2653
2659
2660
2661
2662
2663
2664
2665
2666
2667
2668
2677
2678
2679
2680
2681
2682
2683
2684
2685
2687
2688
2689
2746
2747
2748
2749
2751
2752
2753
2754
2755
2756
2757
2758
2759
2760
2761
2762
2763
2764
2765
2766
2767
2768
2769
2804
2805
2806
2807
2808
2809
2810
2811
2812
2813
2814
2815
2816
2817
2818
2819
2820
2821
2823
2824
2825
2826
2827
2828
2829
2830
2831
2832
2833
2834
2835
2836
2837
2838
2839
2840
2842
2843
2844
2845
2861
2862
2863
2864
2893
2894
2895
2896
2897
2911
2912
2913
2914
2915
2916
2917
2919
2920
2933
2934
2935
2936
2938
2939
2940
2941
2942
2943
2944
2945
2946
2947
2948
2949
2950
2951
2952
2953
2954
2955
2957
2958
2959
2960
2961
2962
2963
2964
2965
2966
2967
2968
2975
2976
2977
2978
2979
2980
2981
2982
2983
2984
2985
2986
2987
2988
2989
2990
2991
2992
3020
3021
3022
3023
3024
3025
3026
3027
3028
3029
3030
3060
3061
3062
3063
3064
3065
3066
3067
3068
3069
3070
3071
3072
3073
3074
3075
3076
3077
3085
3086
3092
3093
3094
3095
3097
3098
3099
3100
3101
3102
3103
3104
3105
3106
3107
3108
3109
3120
3121
3122
3123
3124
3125
3143
3144
3145
3146
3147
3148
3198
3199
3200
3201
3202
3203
3205
3217
3218
3219
3220
3221
3222
3223
3224
3225
3226
3227
3228
3229
3230
3231
3232
3233
3234
3265
3266
3267
3268
3269
3270
3271
3272
3273
3274
3276
3277
3278
3279
3280
3295
3296
3297
3298
3299
3300
3301
3350
3351
3373
3374
3375
3376
3377
3390
3391
3412
3413
3414
3415
3416
3417
3418
3419
3420
3421
3422
3423
3424
3425
3426
3427
3428
3429
3430
3431
3432
3433
3434
3435
3437
3438
3439
3440
3518
3519
3520
3529
3538
3539
3540
3541
3542
3543
3544
3545
3546
3547
3548
3573
3574
3575
3576
3577
3578
3580
3581
3582
3583
3584
3585
3586
3587
3588
3589
3590
3591
3592
3593
3594
3595
3618
3619
3620
3621
3622
3623
3624
3625
3626
3628
3629
3630
3631
3632
3633
3634
3635
3636
3637
3638
3639
3665
3666
3668
3686
3687
3688
3689
3690
3691
3692
3693
3694
3708
3709
3710
3711
3712
3713
3714
3715
3716
3717
3718
3719
3720
3721
3722
3824
3825
3826
3827
3828
3829
3830
3831
3849
3850
3851
3852
3853
3855
3856
3857
3858
3859
3860
3861
3862
3863
3864
3865
3866
3867
3868
3869
3870
3871
3872
3873
3874
3875
3876
3877
3878
3879
3880
3881
3882
3883
3884
3885
3909
3910
3911
3922
3923
3924
3926
3927
3928
3929
3930
3985
3986
3987
3988
3989
3990
3991
3992
3993
4006
4007
4008
4009
4010
4011
4012
4013
4014
4015
4016
4017
4018
4019
4020
4021
4022
4023
4024
4025
4026
4027
4028
4040
4041
4042
4043
4044
4045
4046
4047
4048
4076
4077
4078
4079
4080
4081
4082
4083
4084
4085
4086
4087
4088
4089
4090
4098
4099
4100
4101
4102
4103
4104
4105
4106
4107
4108
4109
4110
4117
4118
4119
4120
4172
4173
4174
4175
4176
4178
4179
4180
4188
4189
4190
4239
4285
4286
4287
4288
4289
4290
4291
4292
4293
4294
4295
4296
4297
4298
4299
4300
4301
4302
4303
4304
4305
4306
4307
4308
4309
4310
4311
4312
4313
4314
4315
4316
4317
4318
4319
4320
4321
4322
4323
4324
4326
4327
4328
4329
4330
4331
4332
4333
4334
4335
4336
4337
4338
4339
4340
4341
4342
4343
4344
4345
4346
4347
4348
4349
4350
4351
4352
4353
4354
4390
4391
4392
4393
4394
4395
4396
4397
4398
4399
4400
4410
4411
4412
4413
4414
4415
4416
4417
4418
4419
4420
4421
4422
4423
4424
4425
4426
4427
4428
4429
4430
4431
4442
4443
4444
4446
4447
4448
4449
4450
4451
4452
4453
4454
4455
4456
4457
4458
4459
4460
4461
4462
4463
4464
4465
4466
4467
4468
4469
4471
4493
4494
4502
4503
4504
4505
4506
4507
4508
4509
4510
4511
4512
4513
4514
4515
4516
4517
4518
4519
4520
4521
4522
4574
4575
4576
4577
4578
4579
4645
4646
4656
4657
4658
4659
4660
4661
4662
4663
4664
4665
4666
4667
4668
4669
4670
4671
4672
4673
4674
4675
4676
4677
4678
4679
4680
4681
4682
4683
4684
4685
4686
4687
4688
4689
4690
4691
4692
4694
4695
4696
4697
4698
4699
4700
4701
4702
4703
4704
4705
4706
4707
4708
4709
4710
4711
4712
4713
4714
4715
4716
4717
4718
4719
4720
4721
4722
4723
4724
4725
4736
4737
4738
4739
4740
4741
4742
4743
4744
4745
4746
4747
4748
4749
4750
4751
4765
4766
4767
4768
4769
4770
4805
4806
4807
4808
4809
4810
4811
4812
4813
4814
4815
4816
4817
4818
4819
4820
4821
4822
4825
4826
4838
4839
4840
4841
4842
4843
4844
4856
4857
4858
4859
4860
4861
4862
4863
4864
4865
4866
4867
4868
4869
4871
4872
4873
4874
4875
4876
4877
4878
4879
4880
4881
4882
4883
4884
4885
4886
4887
4888
4889
4890
4891
4892
4893
4894
4948
4949
4950
4951
4952
4953
4954
4955
4957
4958
4959
4960
4961
4962
4963
4964
4965
4966
4967
4968
4969
4970
4971
4972
4982
4983
4984
4985
4986
4987
5004
5006
5007
5008
5009
5010
5011
5018
5019
5020
5021
5022
5023
5024
5025
5026
5027
5028
5029
5030
5031
5032
5033
5034
5035
5036
5037
5038
5039
5040
5041
5053
5054
5055
5056
5057
5058
5059
5071
5072
5073
5074
5075
5076
5077
5078
5079
5080
5081
5082
5083
5084
5128
5129
5130
5131
5132
5133
5134
5135
5136
5137
5138
5139
5140
5141
5142
5143
5144
5145
5146
5147
5148
5149
5150
5151
5198
5214
5215
5216
5217
5218
5219
5220
5221
5222
5223
5224
5225
5226
5238
5239
5240
5241
5242
5243
5244
5254
5255
5256
5257
5258
5259
5260
5261
5262
5263
5264
5265
5266
5267
5268
5282
5283
5284
5285
5286
5287
5288
5289
5290
5291
5293
5294
5295
5296
5297
5298
5299
5300
5301
5302
5303
5304
5313
5314
5315
5316
5317
5318
5319
5320
5321
5322
5323
5324
5325
5326
5327
5328
5329
5330
5331
5332
5333
5334
5335
5336
5337
5338
5339
5340
5342
5343
5344
5345
5346
5347
5348
5349
5350
5351
5352
5353
5354
5355
5356
5357
5358
5359
5360
5361
5362
5363
5364
5365
5366
5367
5400
5401
5402
5403
5404
5405
5406
5407
5408
5420
5421
5422
5423
5424
5425
5426
5427
5428
5429
5430
5431
5432
5433
5434
5435
5438
5439
5440
5441
5442
5443
5444
5445
5446
5447
5448
5449
5450
5451
5452
5453
5454
5455
5456
5457
5458
5459
5460
5461
5470
5471
5472
5473
5474
5475
5476
5477
5478
5479
5480
5481
5482
5483
5484
5485
5486
5487
5488
5489
5490
5491
5492
5493
5494
5501
5502
5503
5504
5506
5507
5508
5509
5510
5511
5519
5520
5533
5534
5535
5564
5565
5566
5567
5568
5624
5625
5626
5627
5628
5629
5630
5631
5632
5633
5634
5635
5636
5637
5638
5639
5640
5641
5642
5643
5644
5645
5647
5648
5649
5650
5651
5652
5653
5654
5664
5665
5666
5667
5668
5669
5670
5671
5672
5673
5674
5675
5676
5677
5678
5679
5680
5681
5682
5683
5684
5685
5687
5688
5689
5715
5716
5717
5718
5732
5733
5734
5735
5736
5737
5738
5739
5791
5792
5793
5794
5795
5796
5797
5798
5806
5807
5808
5809
5810
5811
5813
5814
5821
5822
5823
5824
5825
5826
5827
5828
5829
5830
5831
5832
5833
5835
5836
5837
5838
5839
5840
5841
5842
5843
5844
5845
5846
5847
5848
5849
5850
5851
5852
5853
5854
5855
5856
5974
5975
5976
5977
5978
5979
5980
5981
5982
5983
5984
5985
5986
5987
5988
5989
5990
5992
5993
5994
5995
5996
5997
5998
5999
6000
6001
6002
6003
6004
6005
6006
6007
6008
6009
6010
6011
6012
6013
6014
6015
6016
6017
6018
6019
6042
6043
6044
6045
6046
6053
6054
6055
6057
6058
6059
6060
6061
6062
6063
6064
6065
6066
6067
6083
6084
6085
6086
6087
6088
6089
6090
6091
6092
6094
6095
6100
6101
6102
6103
6111
6112
6113
6114
6115
6116
6117
6119
6120
6121
6122
6123
6124
6125
6126
6127
6128
6129
6130
6131
6132
6133
6134
6135
6136
6137
6138
6139
6140
6141
6142
6143
6154
6155
6156
6157
6158
6159
6160
6161
6162
6163
6175
6176
6177
6178
6179
6180
6181
6182
6183
6184
6185
6186
6187
6188
6189
6190
6191
6200
6201
6202
6203
6204
6211
6212
6213
6214
6215
6217
6218
6219
6223
6224
6225
6226
6227
6228
6229
6230
6231
6232
6233
6234
6235
6236
6237
6238
6239
6240
6241
6256
6257
6260
6261
6266
6267
6268
6269
6270
6271
6272
6273
6274
6275
6276
6277
6278
6279
6280
6298
6299
6311
6312
6313
6345
6346
6347
6348
6349
6350
6351
6352
6353
6354
6355
6356
6357
6358
6359
6360
6361
6362
6363
6364
6365
6366
6374
6375
6376
6377
6378
6379
6380
6381
6382
6420
6442
6443
6444
6445
6446
6447
6448
6449
6450
6457
6458
6459
6588
6589
6591
6592
6593
6594
6595
6596
6597
6598
6599
6600
6601
6602
6603
6604
6605
6606
6607
6608
6609
6610
6611
6612
6613
6619
6620
6621
6622
6623
6624
6625
6626
6627
6628
6629
6630
6631
6632
6633
6650
6651
6652
6653
6654
6655
6656
6657
6658
6659
6660
6661
6662
6663
6664
6665
6666
6676
6677
6678
6679
6680
6681
6682
6698
6699
6700
6701
6702
6703
6705
6714
6715
6716
6717
6718
6719
6720
6721
6722
6723
6724
6733
6734
6735
6736
6737
6738
6739
6740
6741
6742
6743
6744
6745
6746
6747
6748
6749
6750
6751
6752
6753
6754
6755
6756
6757
6758
6759
6778
6779
6780
6785
6786
6787
6816
6817
6818
6819
6820
6821
6822
6823
6824
6825
6826
6827
6830
6831
6832
6833
6834
6835
6836
6837
6838
6839
6840
6841
6842
6843
6844
6845
6846
6852
6853
6854
6855
6856
6857
6858
6859
6860
6861
6862
6864
6865
6866
6867
6886
6887
6889
6890
6891
6892
6903
6904
6905
6906
6907
6908
6917
6918
6919
6920
6921
6922
6923
6924
6930
6931
6932
6933
6934
6935
6936
6937
6938
6939
6940
6941
6942
6944
6945
6946
6947
6948
6949
6950
6951
6952
6953
6954
6955
6965
6966
6967
6968
6969
6970
6971
6972
6973
6974
7017
7018
7019
7020
7021
7022
7023
7024
7025
7026
7027
7028
7029
7030
7031
7032
7033
7034
7043
7045
7052
7053
7054
7055
7056
7057
7058
7059
7060
7061
7062
7063
7064
7065
7066
7067
7068
7069
7070
7071
7102
7103
7104
7105
7106
7107
7109
7110
7111
7112
7113
7114
7115
7116
7117
7118
7119
7120
7121
7122
7123
7124
7125
7126
7139
7140
7141
7142
7143
7144
7152
7153
7154
7155
7156
7157
7158
7159
7160
7161
7162
7163
7164
7165
7166
7167
7168
7169
7170
7171
7172
7173
7183
7184
7185
7186
7198
7199
7200
7201
7202
7203
7204
7205
7206
7207
7208
7209
7210
7211
7235
7236
7237
7238
7239
7240
7241
7242
7243
7244
7245
7246
7247
7248
7249
7250
7251
7252
7253
7254
7255
7256
7257
7258
7259
7260
7261
7272
7273
7274
7275
7276
7277
7278
7294
7295
7296
7297
7298
7309
7310
7311
7312
7313
7314
7315
7316
7317
7318
7320
7321
7322
7323
7324
7325
7326
7327
7328
7329
7330
7331
7332
7333
7334
7336
7337
7338
7339
7340
7341
7342
7343
7344
7345
7346
7365
7366
7367
7368
7369
7370
7372
7416
7454
7487
7488
7489
7490
7491
7492
7494
7495
7496
7497
7498
7499
7500
7501
7511
7512
7513
7514
7515
7516
7523
7524
7525
7526
7568
7569
7571
7572
7573
7580
7581
7582
7583
7584
7600
7601
7602
7603
7604
7605
7606
7607
7608
7609
7610
7611
7612
7613
7614
7615
7616
7617
7618
7619
7620
7629
7630
7631
7632
7633
7634
7635
7636
7637
7638
7639
7640
7641
7642
7643
7644
7645
7646
7647
7648
7649
7650
7656
7665
7666
7667
7668
7669
7670
7671
7672
7673
7674
7675
7676
7677
7678
7679
7680
7681
7682
7683
7684
7685
7687
7689
7690
7691
7692
7693
7694
7695
7696
7697
7716
7717
7718
7719
7720
7721
7722
7723
7724
7725
7726
7727
7728
7730
7731
7732
7733
7734
7748
7749
7750
7751
7752
7753
7754
7755
7756
7757
7778
7779
7780
7782
7783
7784
7785
7786
7797
7798
7799
7800
7801
7802
7803
7804
7805
7806
7816
7817
7818
7819
7820
7821
7822
7823
7824
7832
7833
7834
7835
7836
7837
7838
7839
7840
7841
7866
7868
7869
7870
7871
7872
7873
7874
7875
7876
7877
7878
7879
7880
7881
7882
7883
7884
7885
7886
7887
7888
7889
7890
7891
7892
7893
7894
7895
7902
7903
7917
7918
7919
7920
7921
7922
7923
7937
7938
7939
7940
7941
7942
7965
7966
7967
7968
7969
7970
7971
7972
8029
8030
8031
8033
8035
8036
8037
8038
8039
8040
8041
8042
8043
8044
8045
8046
8047
8049
8050
8051
8052
8054
8055
8056
8057
8058
8059
8060
8061
8062
8063
8064
8074
8075
8076
8077
8078
8091
8092
8093
8094
8095
8096
8097
8098
8101
8102
8103
8104
8105
8106
8107
8108
8109
8110
8111
8112
8113
8114
8115
8116
8123
8125
8126
8127
8128
8129
8130
8131
8132
8134
8135
8136
8137
8138
8139
8140
8141
8142
8143
8145
8146
8158
8159
8160
8161
8162
8163
8164
8165
8182
8183
8184
8185
8186
8187
8188
8189
8191
8192
8193
8194
8195
8196
8340
8341
8342
8343
8344
8346
8347
8348
8349
8350
8351
8352
8353
8354
8355
8356
8357
8358
8359
8360
8366
8367
8368
8369
8370
8372
8373
8374
8376
8377
8378
8379
8380
8381
8382
8383
8384
8385
8386
8387
8388
8389
8397
8398
8399
8401
8402
8403
8404
8405
8406
8407
8418
8419
8420
8421
8422
8423
8424
8425
8427
8428
8429
8430
8431
8433
8434
8435
8436
8437
8438
8439
8440
8441
8442
8443
8444
8445
8446
8447
8448
8449
8450
8451
8452
8453
8454
8455
8457
8458
8459
8461
8477
8478
8480
8481
8482
8483
8484
8486
8487
8504
8505
8506
8507
8515
8516
8517
8518
8520
8521
8522
8523
8524
8525
8526
8527
8528
8529
8530
8531
8532
8533
8534
8535
8536
8537
8561
8563
8564
8565
8566
8567
8568
8569
8570
8571
8572
8573
8574
8575
8576
8577
8578
8579
8580
8581
8582
8583
8585
8586
8587
8588
8589
8591
8592
8593
8594
8595
8596
8597
8598
8599
8601
8602
8603
8604
8605
8606
8607
8608
8609
8610
8611
8612
8613
8614
8615
8616
8618
8619
8620
8621
8622
8623
8624
8625
8626
8627
8628
8629
8630
8631
8633
8660
8661
8662
8663
8664
8665
8667
8668
8669
8670
8671
8672
8674
8675
8676
8677
8678
8679
8680
8681
8682
8683
8684
8685
8686
8687
8688
8689
8690
8691
8692
8693
8694
8695
8696
8697
8698
8699
8701
8702
8715
8716
8717
8718
8719
8720
8721
8722
8723
8724
8725
8726
8727
8728
8729
8730
8732
8733
8735
8736
8737
8738
8739
8740
8741
8742
8754
8755
8756
8757
8758
8759
8767
8768
8770
8771
8788
8789
8790
8791
8792
8793
8794
8795
8811
8812
8813
8814
8815
8816
8817
8865
8866
8867
8868
8869
8870
8871
8872
8874
8875
8876
8877
8879
8880
8881
8882
8883
8884
8885
8886
8887
8919
8920
8921
8941
8942
8943
8944
8945
8946
8947
8948
9001
9002
9003
9004
9005
9006
9007
9008
9009
9010
9011
9012
9013
9014
9015
9017
9018
9019
9020
9021
9022
9023
9024
9025
9026
9028
9029
9030
9031
9032
9033
9034
9035
9036
9037
9039
9040
9041
9042
9043
9044
9057
9058
9074
9075
9076
9077
9078
9079
9080
9081
9082
9083
9084
9085
9086
9087
9088
9089
9090
9091
9092
9093
9094
9095
9096
9097
9105
9106
9107
9108
9109
9110
9111
9113
9114
9115
9116
9117
9118
9119
9120
9121
9122
9131
9143
9144
9145
9146
9147
9148
9149
9150
9151
9152
9153
9154
9155
9157
9158
9159
9160
9161
9162
9163
9164
9165
9166
9167
9168
9169
9170
9171
9172
9173
9175
9176
9177
9178
9179
9180
9181
9182
9183
9184
9185
9186
9187
9243
9244
9245
9246
9346
9347
9348
9349
9350
9351
9352
9353
9642
9643
9644
9672
9673
9922
9997
9998
9999
